"x"
0.123287671232877
0.438356164383562
0.602739726027397
0.794520547945205
1
0.493150684931507
0.506849315068493
0.506849315068493
0.506849315068493
0.506849315068493
0.465753424657534
0.410958904109589
0.328767123287671
0.328767123287671
0.328767123287671
0.219178082191781
0.219178082191781
0.219178082191781
0.10958904109589
0.10958904109589
0.10958904109589
0.10958904109589
0.10958904109589
0.10958904109589
0.10958904109589
0.10958904109589
0.10958904109589
0
0
0
0
0
0
0
0
0
0
0
0
0
0
0
0
0
0
0
0
0
0
0
0
0
0
0
0
0
0
0
0
0
0
0
0
0
0
0
0
