"x"
0
0
0
0
0
0
0
0
0
0
0
0.0342649772334807
0.0342649772334807
0.29250002484662
0.29250002484662
0.29250002484662
0.29250002484662
0.29250002484662
0.29250002484662
0.29250002484662
0.29250002484662
0.29250002484662
0.29250002484662
0.29250002484662
0.29250002484662
0.316013876698784
0.336384288703098
0.372763993071221
0.413008871632072
0.413008871632072
0.51181095953547
0.742143877818551
0.742143877818551
0.742143877818551
0.752911803744425
0.752911803744425
0.752911803744425
0.752911803744425
0.752911803744425
0.752911803744425
0.752911803744425
0.752911803744425
0.790014058425337
0.790014058425337
0.790014058425337
0.790014058425337
0.790014058425337
0.790014058425337
0.913426295219458
0.985977894514918
1
1
1
1
1
1
1
1
1
1
1
1
1
1
1
1
1
