"x"
3.349904087
3.650658241
3.020424886
3.417726684
3.020424886
3.540959324
4.085976313
2.674148649
3.817712326
3.449987546
2.970414466
3.860729711
4.197201948
5.344723739
5.614951261
3.725693427
5.982676041
7.737834314
6.920177799
4.894101478
4.959342
4.590056548
5.295814236
4.774912961
4.783316371
4.840242308
5.184588601
4.424846632
5.320567975
5.859360706
6.187236902
6.419180264
6.604621102
5.85363823
5.12693575
4.40060302
5.201255654
5.190175208
4.863680881
4.436751534
6.16856416
6.229496711
6.522827822
5.833347679
6.365610972
6.273819958
6.412638949
6.330611774
6.844282856
6.076494796
5.721949779
6.245137303
7.072845899
6.448097942
6.266251332
6.686484972
6.923136381
4.471638793
6.007583929
6.696416773
7.176636722
6.899218948
7.887771702
8.160089584
7.192558211
6.719616837
5.941486177
6.029482614
5.695414225
5.330300412
6.513971676
5.84209409
5.409411414
5.020585625
5.418320159
5.654242029
5.647212123
5.836271658
5.212214667
5.33513134
5.995207533
6.203547151
5.270432163
7.398480231
8.136664569
8.039963517
7.30552418
7.13129875
7.875309305
8.205355029
5.990213765
5.867883485
5.440250862
5.47436931
5.065754593
6.085637717
6.221583712
4.938064601
6.508023703
2.351375257
3.238678452
2.803360381
2.970414466
3.624340933
2.442347035
3.349904087
3.749504076
5.589119566
2.140066163
7.108653221
8.117461615
8.837027787
8.999187149
8.735123176
8.159517747
8.346760679
8.356437413
6.048553514
5.88192866
6.110358077
6.334167333
5.562602861
4.182050143
4.80811103
4.959342
5.675040006
3.979681654
5.685279003
5.600272098
2.862200881
3.198673118
2.351375257
1.504077397
1.871802177
4.151039906
3.157000421
3.701301974
3.817712326
3.749504076
3.860729711
2.862200881
3.701301974
3.511545439
4.310799125
2.351375257
2.442347035
1.252762968
0.405465108
0.405465108
-0.693147181
1.252762968
1.252762968
3.449987546
2.674148649
3.113515309
4.494238625
3.349904087
3.701301974
4.505349851
3.417726684
4.901564199
5.254887809
4.80811103
5.206750173
5.138735297
5.890262042
3.277144733
2.862200881
3.020424886
1.871802177
2.251291799
4.182050143
3.020424886
2.917770732
2.803360381
3.349904087
-0.693147181
-0.693147181
3.979681654
3.157000421
4.527208645
3.481240089
3.650658241
4.166665224
4.658710953
2.602689685
3.569532696
4.668144985
3.277144733
2.862200881
4.639571613
1.252762968
2.442347035
0.405465108
3.795489189
4.639571613
-0.693147181
1.252762968
1.252762968
1.871802177
0.405465108
3.624340933
1.252762968
3.113515309
4.310799125
2.351375257
1.252762968
1.871802177
1.871802177
1.871802177
1.704748092
1.704748092
2.351375257
2.674148649
-0.693147181
4.212127598
5.330300412
5.815621956
6.620739651
6.060290738
5.585374244
5.844992643
7.795852276
7.057467552
4.705015521
5.184588601
5.657738536
6.19746194
6.463809184
4.412798293
6.321667171
6.570182437
7.325478284
5.636573725
2.803360381
0.405465108
2.140066163
4.197201948
4.197201948
3.277144733
3.068052935
2.351375257
2.525728644
2.917770732
3.540959324
3.113515309
3.772760938
3.349904087
4.25561271
0.916290732
3.068052935
-0.693147181
0.916290732
3.941581808
1.871802177
2.674148649
3.725693427
4.016383021
0.916290732
3.540959324
1.704748092
2.917770732
4.993828176
6.158037747
7.395414625
7.960847052
8.168061157
7.308207845
7.228025541
8.480840362
4.25561271
5.305789381
5.909440712
6.473118794
2.140066163
0.916290732
2.674148649
5.678464667
1.504077397
0.405465108
-0.693147181
1.504077397
-0.693147181
1.871802177
3.277144733
3.384390263
3.597312261
-0.693147181
1.704748092
3.157000421
2.803360381
3.749504076
3.749504076
4.034240638
5.368309738
2.014903021
2.014903021
3.157000421
2.674148649
2.525728644
3.817712326
5.71538161
4.069026754
4.483002552
3.417726684
1.704748092
3.384390263
3.277144733
4.695924549
2.862200881
3.113515309
3.314186005
3.113515309
3.238678452
5.511410582
6.667592722
6.869534066
7.941117682
7.672990536
6.778215908
7.236699249
8.527836352
5.589119566
6.633976112
6.409352175
6.787281126
6.918200537
5.827473947
6.939738325
7.056606226
5.772997544
5.830415126
7.853410619
6.205567354
4.766438334
5.330300412
5.987707498
5.744604469
5.090678002
4.980176087
0.405465108
0.405465108
1.704748092
3.449987546
3.349904087
6.299867942
5.084505143
6.057954288
5.985194934
7.276210561
5.954541193
4.90897164
5.562602861
3.772760938
4.886582645
3.839452313
3.277144733
5.138735297
5.738183901
6.071891796
5.824524092
6.386037214
5.43590303
5.206750173
5.2907891
5.887491957
5.108971195
5.084505143
5.611301622
6.195425279
5.80663986
6.350012735
6.149536102
5.499215309
5.377590547
6.332391134
6.279459071
6.074195945
5.413875707
6.967438281
6.837869152
6.217603607
6.01980902
5.37296091
6.406054563
6.440148774
6.59509722
7.513981988
6.723231299
6.712348483
6.667592722
7.186522734
6.396095974
6.991636763
5.499215309
4.973279508
7.126489122
7.772542168
6.856988162
5.519458915
3.198673118
2.251291799
5.239098007
5.354224998
5.495116943
4.069026754
4.212127598
3.772760938
4.832305759
4.085976313
3.96081317
4.791649753
4.424846632
4.923623917
5.020585625
3.314186005
2.251291799
3.860729711
4.766438334
5.600272098
4.424846632
4.923623917
5.400422589
5.91215074
6.396095974
4.527208645
5.519458915
4.923623917
6.151668299
5.688668837
5.818598149
5.349485653
5.223054882
6.002651736
5.43153621
5.997695097
4.80811103
3.90197267
4.774912961
6.382661683
5.611301622
5.295814236
5.400422589
6.341240749
6.344758783
7.363596594
6.667592722
7.000790145
6.914234245
6.558906771
7.21854334
5.757323242
6.096950055
5.622210821
5.249652195
4.182050143
4.051784948
4.363098625
4.791649753
4.494238625
4.649187071
4.987025428
5.685279003
5.305789381
5.285738584
5.692047218
5.09681299
5.223054882
4.649187071
6.048553514
6.039063526
5.486869473
5.581614841
5.10291057
5.818598149
6.810693566
8.194091174
5.647212123
5.244389025
6.092440464
6.994391586
6.007583929
7.306866913
6.898209866
7.113549192
6.138806385
3.624340933
4.871373227
3.481240089
6.321667171
6.268148865
4.085976313
4.629862799
3.96081317
4.816241156
2.970414466
3.417726684
4.677490848
3.676300672
2.014903021
3.198673118
4.310799125
2.803360381
5.212214667
6.348264483
6.766767586
6.798498293
7.856125904
6.636602508
6.869534066
4.388257184
3.198673118
2.602689685
1.252762968
2.351375257
3.277144733
3.96081317
4.516338972
2.525728644
2.862200881
3.701301974
3.795489189
4.460144414
3.772760938
4.085976313
2.351375257
3.020424886
2.140066163
3.624340933
4.375757022
3.511545439
5.718671087
2.014903021
4.505349851
2.140066163
4.40060302
3.314186005
1.252762968
3.314186005
2.251291799
3.449987546
3.449987546
2.970414466
2.740840024
2.525728644
3.198673118
5.027164596
2.862200881
4.102643365
5.013963084
5.43590303
6.946495107
7.344396005
7.644201384
5.625820933
7.019743781
4.25561271
5.184588601
5.818598149
2.442347035
2.740840024
2.251291799
3.238678452
2.602689685
2.442347035
3.481240089
3.860729711
4.26969745
4.016383021
4.25561271
3.772760938
4.863680881
4.471638793
2.351375257
3.540959324
3.860729711
5.903998521
6.460686621
6.397762642
7.476755467
8.974554745
8.182419511
8.32881332
8.413719783
8.92245828
7.472216452
7.802822374
7.283791576
7.172040774
6.778215908
6.680227129
7.665050279
7.007148023
7.03306547
6.942639681
7.318207929
6.796264903
6.193384462
6.527226656
6.127960292
6.483871585
5.873525249
6.110358077
5.217649463
6.085637717
6.879870075
6.528688645
6.143112097
4.799914263
5.465948208
4.436751534
4.705015521
5.470167623
5.74779936
5.607638614
6.132312856
6.409352175
5.647212123
6.285066562
6.946495107
7.224389173
6.698884387
6.994391586
7.379944019
7.594632847
7.655153874
7.092989257
6.871609832
5.547128665
6.596463341
5.657738536
6.465366817
4.016383021
4.863680881
6.59509722
6.565968948
5.763622475
6.318066807
6.58271742
4.686750173
4.516338972
5.315666005
5.695414225
4.816241156
4.966335035
4.945207489
5.178970609
5.850764665
5.671603576
5.523458921
5.377590547
5.295814236
5.138735297
6.149536102
4.901564199
2.740840024
2.970414466
5.114995309
4.069026754
5.212214667
4.297285406
3.157000421
3.020424886
1.504077397
-0.693147181
3.417726684
4.034240638
0.916290732
2.602689685
6.620739651
7.177400664
7.446876772
8.38992784
8.187994439
7.519421218
7.833402106
8.513285567
8.073247096
6.162261618
6.548935179
5.975081068
6.288787497
5.409411414
5.114995309
6.489964521
6.203547151
5.827473947
6.187236902
6.465366817
6.149536102
5.519458915
6.170656211
6.384350873
6.279459071
6.881924519
5.906723319
4.722953222
4.516338972
2.525728644
4.460144414
2.140066163
3.113515309
2.251291799
0.916290732
1.504077397
4.135166557
2.014903021
3.449987546
1.704748092
-0.693147181
-0.693147181
8.854593569
7.509609201
7.139263747
8.217573481
6.65993474
7.086319787
7.844044697
4.894101478
1.704748092
7.071148826
6.480811139
7.648501438
2.740840024
7.388018597
7.207489432
7.232371799
6.195425279
7.592113954
8.114773441
9.156781355
4.855928904
6.971199452
4.722953222
5.377590547
6.384350873
5.228431239
7.436322584
3.749504076
6.880897825
4.855928904
6.564560497
8.1045524
8.085640749
4.879006852
8.292924007
10.03646567
9.872435386
9.185689009
10.02031458
7.615544736
8.136957137
8.824310177
8.739456355
5.422744945
5.898526551
7.88514111
8.124002444
5.120983351
7.476189215
8.323972454
5.566434284
6.386037214
5.654242029
7.682712835
7.852633468
6.677712986
7.104554855
2.970414466
5.37296091
5.754158682
2.803360381
2.442347035
5.519458915
0.405465108
1.504077397
2.525728644
3.569532696
2.442347035
3.068052935
3.417726684
3.881563798
5.995207533
7.635062311
8.753134501
7.607133009
7.872645681
3.349904087
3.020424886
6.178980921
7.505217209
5.757323242
1.504077397
2.251291799
6.499034878
6.509514016
5.870708346
6.557488331
3.96081317
0.405465108
6.465366817
6.176906231
1.504077397
5.865050622
8.363925455
8.487455373
8.201248809
7.951735372
8.161232278
5.741399338
3.881563798
3.817712326
3.979681654
2.862200881
2.970414466
3.157000421
2.140066163
2.803360381
3.113515309
3.624340933
4.40060302
4.639571613
4.363098625
5.562602861
4.80811103
3.417726684
4.051784948
4.916324615
5.065754593
6.530148499
4.135166557
3.881563798
6.225548038
4.241326753
0.916290732
5.33513134
0.916290732
2.442347035
9.310683321
8.945267442
6.894163325
7.060905458
8.46410882
6.780489928
4.879006852
5.465948208
6.564560497
6.844282856
5.300814247
5.000584958
7.369285611
7.457897765
8.372051806
4.886582645
5.007296393
5.600272098
7.866147187
5.280662431
6.201522859
7.74521923
3.839452313
2.140066163
3.238678452
4.600157644
5.239098007
3.384390263
4.182050143
4.388257184
4.569543008
1.871802177
3.597312261
3.449987546
2.525728644
4.412798293
3.113515309
0.405465108
0.405465108
3.020424886
3.020424886
2.251291799
2.803360381
2.351375257
4.424846632
3.238678452
3.157000421
4.182050143
4.102643365
1.704748092
0.405465108
3.624340933
2.351375257
1.504077397
3.384390263
2.674148649
4.166665224
3.701301974
2.740840024
4.388257184
4.375757022
4.799914263
5.040194096
5.409411414
4.90897164
4.350277936
4.774912961
4.069026754
5.212214667
5.10291057
4.182050143
3.979681654
5.000584958
4.569543008
6.057954288
4.579852378
5.072043922
6.01980902
5.395897695
4.166665224
4.677490848
4.324132656
3.157000421
4.448516376
4.324132656
5.065754593
4.051784948
4.505349851
1.704748092
3.314186005
3.157000421
2.442347035
2.740840024
3.020424886
1.871802177
1.704748092
0.916290732
0.405465108
2.740840024
1.252762968
0.916290732
3.384390263
3.384390263
2.740840024
1.871802177
2.014903021
2.970414466
2.674148649
1.252762968
-0.693147181
1.504077397
1.704748092
-0.693147181
-0.693147181
6.693943055
6.732806477
5.867883485
5.144583267
5.671603576
6.952250519
6.11699527
4.816241156
5.404927102
5.614951261
4.740574823
4.363098625
4.527208645
6.410996912
6.043819777
6.012491914
5.708770016
6.147399349
6.440148774
6.330611774
4.916324615
5.818598149
5.377590547
4.945207489
4.783316371
4.783316371
3.772760938
4.182050143
4.151039906
3.597312261
4.930870326
5.486869473
4.483002552
2.351375257
3.597312261
1.704748092
2.862200881
2.674148649
2.140066163
6.319868609
6.575772948
6.957972995
6.620739651
6.690220966
7.159680632
6.83679619
5.233778845
5.959715849
5.55101972
4.548599834
4.166665224
4.930870326
1.871802177
1.252762968
1.504077397
3.417726684
2.351375257
3.449987546
2.251291799
2.251291799
1.704748092
-0.693147181
0.916290732
0.405465108
1.704748092
4.620058798
5.027164596
6.28692876
6.440148774
6.683986532
5.754158682
4.166665224
3.96081317
5.239098007
4.620058798
3.157000421
