"x"
0
0
0
0
0
0
0
0
0
0
0
0
0
0.15795839
0.07558745
0.04471645
0.004845349
0.021539318
0.038053397
0.109634732
0.102531353
0.159966148
0.151054465
0.168388214
0.344988876
0.290980635
0.221917002
0.340143527
0.188968626
0.275215845
0.065896752
0.142453272
0.168618159
0.084309079
0.011628839
0
0
0
0
0
0
0
0
0
0
0
0.132762573
0.030041166
0
0.128886294
0
0.421545397
0.565270929
0.189154511
0.160187703
0.551905359
1
0.566577083
0.358773437
0.421451386
0.626174638
0.549629282
0.859471508
0.208400831
0.514838315
0.499620811
0.129258776
