//var hours = ['12a', '1a', '2a', '3a', '4a', '5a', '6a',
        // '7a', '8a', '9a','10a','11a',
        // '12p', '1p', '2p', '3p', '4p', '5p',
        // '6p', '7p', '8p', '9p', '10p', '11p'];
//var days = ['Saturday', 'Friday', 'Thursday',
//        'Wednesday', 'Tuesday', 'Monday', 'Sunday','1','2'];

//var data = [[0,0,5],[0,1,1],[0,2,0],[0,3,0],[0,4,0],[0,5,0],[0,6,0],[0,7,0],[0,8,0],[0,9,0],[0,10,0],[0,11,2],[0,12,4],[0,13,1],[0,14,1],[0,15,3],[0,16,4],[0,17,6],[0,18,4],[0,19,4],[0,20,3],[0,21,3],[0,22,2],[0,23,5],[1,0,7],[1,1,0],[1,2,0],[1,3,0],[1,4,0],[1,5,0],[1,6,0],[1,7,0],[1,8,0],[1,9,0],[1,10,5],[1,11,2],[1,12,2],[1,13,6],[1,14,9],[1,15,11],[1,16,6],[1,17,7],[1,18,8],[1,19,12],[1,20,5],[1,21,5],[1,22,7],[1,23,2],[2,0,1],[2,1,1],[2,2,0],[2,3,0],[2,4,0],[2,5,0],[2,6,0],[2,7,0],[2,8,0],[2,9,0],[2,10,3],[2,11,2],[2,12,1],[2,13,9],[2,14,8],[2,15,10],[2,16,6],[2,17,5],[2,18,5],[2,19,5],[2,20,7],[2,21,4],[2,22,2],[2,23,4],[3,0,7],[3,1,3],[3,2,0],[3,3,0],[3,4,0],[3,5,0],[3,6,0],[3,7,0],[3,8,1],[3,9,0],[3,10,5],[3,11,4],[3,12,7],[3,13,14],[3,14,13],[3,15,12],[3,16,9],[3,17,5],[3,18,5],[3,19,10],[3,20,6],[3,21,4],[3,22,4],[3,23,1],[4,0,1],[4,1,3],[4,2,0],[4,3,0],[4,4,0],[4,5,1],[4,6,0],[4,7,0],[4,8,0],[4,9,2],[4,10,4],[4,11,4],[4,12,2],[4,13,4],[4,14,4],[4,15,14],[4,16,12],[4,17,1],[4,18,8],[4,19,5],[4,20,3],[4,21,7],[4,22,3],[4,23,0],[5,0,2],[5,1,1],[5,2,0],[5,3,3],[5,4,0],[5,5,0],[5,6,0],[5,7,0],[5,8,2],[5,9,0],[5,10,4],[5,11,1],[5,12,5],[5,13,10],[5,14,5],[5,15,7],[5,16,11],[5,17,6],[5,18,0],[5,19,5],[5,20,3],[5,21,4],[5,22,2],[5,23,0],[6,0,1],[6,1,0],[6,2,0],[6,3,0],[6,4,0],[6,5,0],[6,6,0],[6,7,0],[6,8,0],[6,9,0],[6,10,1],[6,11,0],[6,12,2],[6,13,1],[6,14,3],[6,15,4],[6,16,0],[6,17,0],[6,18,0],[6,19,0],[6,20,1],[6,21,2],[6,22,2],[6,23,6]];

var hours = [1,2,3,4,5,6,7,8,9,10,11,13,15,19,25,30,45,75,110,150];
var days = ['0.05','0.1', '0.15','0.2', '0.25','0.3','0.35',
         '0.4','0.45', '0.5','0.55', '0.6', '0.65','0.7','0.75','0.8','0.85','0.9','0.95','1.0'];

var data = [
    [0,0,80],
[0,1,64],
[0,2,57],
[0,3,50],
[0,4,45],
[0,5,43],
[0,6,41],
[0,7,37],
[0,8,36],
[0,9,35],
[0,10,35],
[0,11,34],
[0,12,34],
[0,13,34],
[0,14,35],
[0,15,37],
[0,16,42],
[0,17,47],
[0,18,50],
[0,19,50],
[1,0,80],
[1,1,62],
[1,2,54],
[1,3,47],
[1,4,44],
[1,5,39],
[1,6,37],
[1,7,35],
[1,8,33],
[1,9,32],
[1,10,30],
[1,11,29],
[1,12,28],
[1,13,27],
[1,14,28],
[1,15,28],
[1,16,30],
[1,17,32],
[1,18,33],
[1,19,33],
[2,0,80],
[2,1,61],
[2,2,52],
[2,3,44],
[2,4,41],
[2,5,38],
[2,6,33],
[2,7,31],
[2,8,29],
[2,9,28],
[2,10,26],
[2,11,25],
[2,12,24],
[2,13,23],
[2,14,23],
[2,15,23],
[2,16,24],
[2,17,25],
[2,18,25],
[2,19,25],
[3,0,80],
[3,1,60],
[3,2,54],
[3,3,46],
[3,4,38],
[3,5,35],
[3,6,33],
[3,7,28],
[3,8,26],
[3,9,25],
[3,10,23],
[3,11,23],
[3,12,21],
[3,13,20],
[3,14,20],
[3,15,20],
[3,16,20],
[3,17,21],
[3,18,21],
[3,19,21],
[4,0,80],
[4,1,65],
[4,2,52],
[4,3,44],
[4,4,39],
[4,5,33],
[4,6,30],
[4,7,28],
[4,8,26],
[4,9,24],
[4,10,23],
[4,11,21],
[4,12,19],
[4,13,18],
[4,14,18],
[4,15,18],
[4,16,18],
[4,17,18],
[4,18,18],
[4,19,18],
[5,0,80],
[5,1,63],
[5,2,51],
[5,3,41],
[5,4,37],
[5,5,33],
[5,6,28],
[5,7,26],
[5,8,24],
[5,9,22],
[5,10,21],
[5,11,19],
[5,12,18],
[5,13,17],
[5,14,17],
[5,15,17],
[5,16,17],
[5,17,17],
[5,18,17],
[5,19,17],
[6,0,80],
[6,1,62],
[6,2,49],
[6,3,44],
[6,4,35],
[6,5,32],
[6,6,27],
[6,7,24],
[6,8,23],
[6,9,21],
[6,10,20],
[6,11,19],
[6,12,18],
[6,13,17],
[6,14,17],
[6,15,16],
[6,16,16],
[6,17,16],
[6,18,17],
[6,19,16],
[7,0,80],
[7,1,64],
[7,2,47],
[7,3,41],
[7,4,33],
[7,5,30],
[7,6,27],
[7,7,23],
[7,8,22],
[7,9,21],
[7,10,20],
[7,11,18],
[7,12,17],
[7,13,17],
[7,14,16],
[7,15,16],
[7,16,16],
[7,17,16],
[7,18,16],
[7,19,16],
[8,0,80],
[8,1,62],
[8,2,47],
[8,3,42],
[8,4,33],
[8,5,30],
[8,6,28],
[8,7,23],
[8,8,22],
[8,9,21],
[8,10,20],
[8,11,18],
[8,12,18],
[8,13,17],
[8,14,17],
[8,15,17],
[8,16,17],
[8,17,17],
[8,18,17],
[8,19,17],
[9,0,80],
[9,1,64],
[9,2,48],
[9,3,42],
[9,4,33],
[9,5,30],
[9,6,26],
[9,7,24],
[9,8,22],
[9,9,21],
[9,10,20],
[9,11,19],
[9,12,18],
[9,13,17],
[9,14,17],
[9,15,17],
[9,16,17],
[9,17,17],
[9,18,17],
[9,19,17],
[10,0,80],
[10,1,55],
[10,2,47],
[10,3,41],
[10,4,36],
[10,5,30],
[10,6,28],
[10,7,24],
[10,8,22],
[10,9,21],
[10,10,21],
[10,11,19],
[10,12,19],
[10,13,18],
[10,14,18],
[10,15,18],
[10,16,18],
[10,17,18],
[10,18,18],
[10,19,18],
[11,0,80],
[11,1,57],
[11,2,50],
[11,3,39],
[11,4,36],
[11,5,30],
[11,6,28],
[11,7,26],
[11,8,23],
[11,9,22],
[11,10,21],
[11,11,20],
[11,12,19],
[11,13,19],
[11,14,19],
[11,15,19],
[11,16,19],
[11,17,19],
[11,18,19],
[11,19,19],
[12,0,80],
[12,1,57],
[12,2,48],
[12,3,42],
[12,4,37],
[12,5,31],
[12,6,27],
[12,7,26],
[12,8,24],
[12,9,23],
[12,10,22],
[12,11,21],
[12,12,20],
[12,13,20],
[12,14,20],
[12,15,20],
[12,16,20],
[12,17,20],
[12,18,20],
[12,19,21],
[13,0,80],
[13,1,59],
[13,2,52],
[13,3,42],
[13,4,35],
[13,5,33],
[13,6,28],
[13,7,27],
[13,8,25],
[13,9,24],
[13,10,23],
[13,11,22],
[13,12,22],
[13,13,21],
[13,14,21],
[13,15,22],
[13,16,22],
[13,17,22],
[13,18,22],
[13,19,22],
[14,0,80],
[14,1,61],
[14,2,50],
[14,3,42],
[14,4,38],
[14,5,33],
[14,6,31],
[14,7,28],
[14,8,27],
[14,9,26],
[14,10,25],
[14,11,24],
[14,12,23],
[14,13,23],
[14,14,23],
[14,15,23],
[14,16,24],
[14,17,24],
[14,18,25],
[14,19,25],
[15,0,80],
[15,1,63],
[15,2,53],
[15,3,45],
[15,4,39],
[15,5,34],
[15,6,32],
[15,7,30],
[15,8,28],
[15,9,27],
[15,10,26],
[15,11,25],
[15,12,25],
[15,13,25],
[15,14,25],
[15,15,26],
[15,16,27],
[15,17,27],
[15,18,28],
[15,19,28],
[16,0,80],
[16,1,64],
[16,2,52],
[16,3,44],
[16,4,39],
[16,5,36],
[16,6,33],
[16,7,32],
[16,8,30],
[16,9,29],
[16,10,29],
[16,11,28],
[16,12,27],
[16,13,27],
[16,14,28],
[16,15,29],
[16,16,30],
[16,17,32],
[16,18,32],
[16,19,32],
[17,0,80],
[17,1,61],
[17,2,50],
[17,3,47],
[17,4,42],
[17,5,37],
[17,6,36],
[17,7,33],
[17,8,32],
[17,9,31],
[17,10,31],
[17,11,30],
[17,12,30],
[17,13,31],
[17,14,32],
[17,15,33],
[17,16,36],
[17,17,39],
[17,18,39],
[17,19,40],
[18,0,80],
[18,1,63],
[18,2,53],
[18,3,47],
[18,4,42],
[18,5,40],
[18,6,38],
[18,7,36],
[18,8,35],
[18,9,35],
[18,10,34],
[18,11,34],
[18,12,34],
[18,13,35],
[18,14,37],
[18,15,39],
[18,16,44],
[18,17,51],
[18,18,54],
[18,19,54],
[19,0,80],
[19,1,64],
[19,2,55],
[19,3,49],
[19,4,45],
[19,5,42],
[19,6,41],
[19,7,39],
[19,8,38],
[19,9,38],
[19,10,38],
[19,11,38],
[19,12,38],
[19,13,41],
[19,14,44],
[19,15,48],
[19,16,58],
[19,17,76],
[19,18,89],
[19,19,97],
    ]

data = data.map(function (item) {
    return [item[1], item[0], item[2] || '-'];
});

option = {
    tooltip: {
        position: 'top'
    },
    animation: false,
    grid: {
        height: '80%',
        top: '5%'
    },
    xAxis: {
        type: 'category',
        data: hours,
        splitArea: {
            show: true
        }
    },
    yAxis: {
        type: 'category',
        data: days,
        splitArea: {
            show: true
        }
    },
    visualMap: {
        min: 16,
        max: 100,
        calculable: true,
        orient: 'horizontal',
        left: 'center',
        bottom: '3%'
    },
    series: [{
        name: 'Punch Card',
        type: 'heatmap',
        data: data,
        label: {
            show: true,
            color: 'white',
            fontSize:'10'
        },
        emphasis: {
            itemStyle: {
                shadowBlur: 10,
                shadowColor: 'rgba(0, 0, 0, 0.5)'
            }
        }
    }]
};