"x"
0
0
0
0
0
0.161294429
0.451877156
0.777810575
0.170575251
0.908344828
0.927283504
0.755501723
0.516317164
0.365030723
0.501262802
0.391912083
0.402779234
0.323950292
0.609829689
0.626072549
0.755184387
0.302597458
0.792097211
0.170384664
0.657575155
0.502953411
0.465400747
0.524714709
0.458414425
0.430381623
0.370814361
0.503636009
0.48365424
0.337797437
0.276892417
0.698404318
0.191498871
0.565387738
0.44077015
0.293868824
0.174287208
0.283586407
0.428852327
0.345102135
0.285922297
0.350107761
0.330976728
0.27327737
0.557312404
0.39508743
0.211329399
0.231883487
0.70643131
0.55673175
0.244848029
0.791580168
0.50341475
0.417430405
0.563770363
0.545655752
0.572728073
0.681216345
0.691590784
1
0.426375451
0.539931513
0.942616564
